6989586621679009807 7061644215716937744
6989586621679009837 7061644215716937776
6989586621679009835 7061644215716937773
6989586621679009834 7061644215716937772
6989586621679009833 7061644215716937770
6989586621679009827 7061644215716937765
6989586621679009826 7061644215716937763
6989586621679009825 7061644215716937762
6989586621679009821 7061644215716937757
6989586621679009818 7061644215716937755
6989586621679009817 7061644215716937754
6989586621679009816 7061644215716937753
6989586621679009814 7061644215716937750
6989586621679009813 7061644215716937749
6989586621679009811 7061644215716937748
